%YAML:1.0
cameras:
  - T_SC: [0.04064854009491342, -0.9850960390247252, -0.16713315076893012, -0.05195440637617857,
      0.9639580399507583, -0.005353797389843817, 0.2660004399767062, 0.012655050280492696,
      -0.26293077682623045, -0.17192187397567016, 0.9493736228936684, 0.005695776071192284,
      0.0, 0.0, 0.0, 1.0]
    camera_type: gray
    distortion_coefficients: [0.30219806837496743, -0.02149991534580404, -0.0002497397372516134,
      6.0560040605677345e-05, 0.01581679697554863, 0.5750558896824219, -0.06263534784491315,
      0.033851495423692875]
    distortion_type: radialtangential8
    focal_length: [269.6842474086801, 269.7882977693903]
    image_dimension: [640, 480]
    principal_point: [322.5578605887897, 228.87319994407375]
    slam_use: okvis
  - T_SC: [-0.0599848995239452, -0.9845511162145, 0.16450201029131717, 0.05645131964241192,
      0.9646370462558942, -0.014800992811683733, 0.2631659164908946, 0.013367520829980857,
      -0.2566655037588928, 0.17447071436940617, 0.9506223166997623, 0.005817523980411749,
      0.0, 0.0, 0.0, 1.0]
    camera_type: gray
    distortion_coefficients: [0.5583172692824788, 0.5318767353683427, -4.8499786577281645e-05,
      -0.00010215399449113709, 0.008892983151449383, 0.8224870747364966, 0.5989619132003846,
      0.08178414100136008]
    distortion_type: radialtangential8
    focal_length: [268.32364529421596, 268.36616184269246]
    image_dimension: [640, 480]
    principal_point: [323.18415014901007, 236.88768983819338]
    slam_use: okvis
  - T_SC: [-0.04684095792433285, 0.058286940283299005, -0.9972003596334802, -0.0757213665829658,
      -0.9623623504515357, 0.2649068023771114, 0.06068848727501508, 0.014530127422240255,
      0.26770250483349334, 0.9625107888469331, 0.04368466846764807, -0.02939269417912614,
      0.0, 0.0, 0.0, 1.0]
    camera_type: gray
    distortion_coefficients: [0.16062287804829353, -0.4619920253125824, -0.00012181822302338947,
      5.581807266350449e-05, 0.025766025600398968, 0.4509012125456936, -0.5875401333907265,
      0.0029609360409961895]
    distortion_type: radialtangential8
    focal_length: [271.6135146149873, 271.7305409932087]
    image_dimension: [640, 480]
    principal_point: [324.4789443570868, 231.32161458022873]
    slam_use: okvis
  - T_SC: [0.05458855286845413, 0.06773415129915167, 0.9962089011063451, 0.08047651761941818,
      -0.9637221207286739, -0.25747910500683213, 0.07031489531463364, 0.01551428498347744,
      0.2612656960145268, -0.9639069432433113, 0.051221488199587634, -0.030017654200964233,
      0.0, 0.0, 0.0, 1.0]
    camera_type: gray
    distortion_coefficients: [0.38103769826253503, 0.044423043182646844, -0.00026270579116007963,
      -1.3307311696896182e-05, 0.0132763824239275, 0.6550968994941907, 0.025731031147632248,
      0.03618845247232834]
    distortion_type: radialtangential8
    focal_length: [269.7435072920675, 270.0809356226911]
    image_dimension: [640, 480]
    principal_point: [320.2882102145453, 232.11989600745244]
    slam_use: okvis

# additional camera parameters
camera_parameters:
    timestamp_tolerance: 0.005 # [s] stereo frame out-of-sync tolerance
    sync_cameras: [0, 1] # the cameras that will be synchronised
    image_delay: 0.00 # [s] timestamp_camera_correct = timestamp_camera - image_delay
    online_calibration: # some parameters to set the online
        do_extrinsics: false # Do we online-calibrate extrinsics?
        do_extrinsics_final_ba: false # Do we calibrate extrinsics in final BA?
        sigma_r: 0.01 # T_SCi position prior stdev [m]
        sigma_alpha: 0.05 # T_SCi orientation prior stdev [rad]

imu_parameters:
    use: true
    a_max: 176.0 # acceleration saturation [m/s^2]
    g_max: 7.8 # gyro saturation [rad/s]
    sigma_g_c: 20.0e-4 # gyro noise density [rad/s/sqrt(Hz)]
    sigma_a_c: 20.0e-3 # accelerometer noise density [m/s^2/sqrt(Hz)]
    sigma_bg: 0.01 # gyro bias prior [rad/s]
    sigma_ba: 0.1 # accelerometer bias prior [m/s^2]
    sigma_gw_c: 20.0e-5 # gyro drift noise density [rad/s^s/sqrt(Hz)]
    sigma_aw_c: 20.0e-3 # accelerometer drift noise density [m/s^2/sqrt(Hz)]
    g: 9.81007 # Earth's acceleration due to gravity [m/s^2]
    g0: [ 0.0, 0.0, 0.0 ] # initial gyro bias [rad/s]
    a0: [ -0.05, 0.09, 0.01 ] # initial accelerometer bias [m/s^2]
    s_a: [1.0, 1.0, 1.0]
    # transform Body-Sensor (IMU)
    T_BS:
        [1.0000, 0.0000, 0.0000, 0.0000,
         0.0000, 1.0000, 0.0000, 0.0000,
         0.0000, 0.0000, 1.0000, 0.0000,
         0.0000, 0.0000, 0.0000, 1.0000]

# frontend: detection etc.
frontend_parameters:
    detection_threshold: 35.0 #42.0 # detection threshold. By default the uniformity radius in pixels
    absolute_threshold: 3000.0 # absolute Harris corner threshold (noise floor)
    matching_threshold: 60.0 # BRISK descriptor matching threshold
    octaves: 0 # number of octaves for detection. 0 means single-scale at highest resolution
    max_num_keypoints: 700 # restrict to a maximum of this many keypoints per image (strongest ones)
    keyframe_overlap: 0.60 # minimum field-of-view overlap
    use_cnn: false # use the CNN (if available) to filter out dynamic content / sky
    parallelise_detection: true # Run parallel detect & describe.
    num_matching_threads: 4 # Parallelise matching with this number of threads.

# estimator parameters
estimator_parameters:
    num_keyframes: 5 # number of keyframes in optimisation window
    num_loop_closure_frames: 3 # number of loop closure frames in optimisation window
    num_imu_frames: 3 # number of frames linked by most recent nonlinear IMU error terms
    do_loop_closures: true # whether to do VI-SLAM or VIO
    do_final_ba: true # Whether to run a full final BA
    enforce_realtime: false # whether to limit the time budget for optimisation
    realtime_min_iterations: 3 # minimum number of iterations always performed
    realtime_max_iterations: 10 # never do more than these, even if not converged
    realtime_time_limit: 0.035 # time budget for realtime optimisation [s]
    realtime_num_threads: 3 # number of threads for the realtime optimisation
    full_graph_iterations: 15 # don't do more than these for the full (background) optimisation
    full_graph_num_threads: 3 # number of threads for the full (background) optimisation

# some options for how and what to output
output_parameters:
    display_matches: false  # displays debug video and matches. May be slow.
    display_overhead: false # debug overhead image. Is slow.
    display_topview: true
